Maciek
Komorowski
Stomatolog
2,4,6,8,10,12
1,2,3,4,5,6,7,8,9,10,11,12,13,22,23,24,25,26,27,28,29,30,31
8
16
10.2.2020-8:45  ;  11.2.2020-9:15  ;  1.2.2020-11:30  ;  
Andrzej
Baran
Internista
1,2,3,4,5,6
1,2,6,7,8,9,10,11,12,13,14,15,16,17,18,19,20,21,22,23,28,29,30,31
8
16

Tadeusz
Duda
Ortopeda
1,2,3,4,5,6
1,2,3,4,5,6,7,8,9,10,11,12,13,14,15,16,17,18,19,20,21,28,29,30,31
8
16
20.5.2020-8:00  ;  
Jerzy
Bielak
Okulista
1,2,3,4,5,6
1,2,3,4,5,6,7,8,9,10,11,16,17,18,19,20,21,22,23,24,25,26,27,28,29,30,31
8
16

Zbigniew
Danielak
Ginekolog
1,2,3,4,5,6
1,2,3,4,5,6,7,8,9,10,11,12,13,14,15,16,17,18,19,20,21,22,23
8
16

Krzysztof
Poniedzielski
Okulista
7,8,9,10,11,12
1,2,3,4,5,6,7,8,9,10,11,12,18,19,20,21,22,23,24,25,26,27,28,29,30,31
8
16
5.2.2020-14:30  ;  
Henryk
Gancarczyk
Dermatolog
1,2,3,4,5,6
3,4,5,6,7,8,9,10,11,12,13,14,15,16,17,18,19,20,21,22,23,24,25,28,29,30,31
8
16

Ryszard
Bielicki
Pediatra
1,2,3,4,5,6
1,2,3,4,16,17,18,19,20,21,22,23,24,25,26,27,28,29,30,31
8
16
28.1.2020-8,30  ;  28.1.2020-9,30  ;  28.1.2020-15,15  ;  
Kazimierz
Potocki
Internista
7,8,9,10,11,12
1,2,3,4,5,6,7,8,9,10,11,12,13,14,15,16,17,18,19,20,21,27,28,29,30,31
8
16

Marek
Grzywak
Pediatra
7,8,9,10,11,12
1,2,3,4,5,6,7,8,9,10,11,12,13,16,17,18,19,20,21,22,23,24,25
8
16

Henryk
Gryga
Ortopeda
7,8,9,10,11,12
1,2,3,4,5,6,7,8,9,16,17,18,19,20,21,22,23,24,25,26,27,28,29,30,31
8
16

Ryszard
Gancarczyk
Stomatolog
7,8,9,10,11,12
1,2,3,4,5,6,7,8,9,10,11,12,13,14,15,16,17,18,19,20,21,22,23,24,25,26
8
16

Maria
Cielecka
Chirurg
1,2,3,4,5,6
1,2,3,4,5,6,7,8,9,10,11,12,13,14,15,16,17,22,23,24,25,26,27,28,29,30,31
8
16

Krystyna
Bielecka
Endokrynolog
1,2,3,4,5,6
1,2,3,4,5,6,7,8,9,10,11,12,13,14,15,16,17,18,19,20,21,22,23,24
8
16
5.3.2020-8:30  ;  
Teresa
Cielecka
Dermatolog
7,8,9,10,11,12
1,2,3,4,5,6,7,8,9,10,11,12,13,14,23,24,25,26,27,28,29,30,31
8
16

Janina
Gryga
Ortopeda
1,3,5,7,9,11
1,2,3,4,5,6,7,8,9,10,11,12,13,14,15,16,17,28,29,30,31
8
16

Danuta
Danielak
Stomatolog
1,3,5,7,9,11
1,2,3,4,5,6,7,8,9,10,11,12,13,20,21,22,23,24,25,26,27,28,29,30,31
8
16

Helena
Chlebek
Pediatra
1,3,5,7,9,11
1,2,3,4,5,6,7,8,9,10,11,12,13,14,15,16,25,26,27,28,29,30,31
8
16
28.1.2020-15,00  ;  28.1.2020-14,00  ;  
Marek
Frankowski
Pediatra
2,4,6,8,10,12
1,2,3,4,5,6,7,8,9,10,11,12,13,14,15,16,17,18,19,24,25,26,27,28,29,30,31
8
16
28.1.2020-8,00  ;  
Henryk
Brzozowski
Ortopeda
2,4,6,8,10,12
1,2,3,4,5,6,7,8,9,10,11,12,13,14,15,16,17,18,19,20,21,22,23,24,25,26,27,28,29,30,31
8
16

Ryszard
Grzywak
Ginekolog
7,8,9,10,11,12
1,2,3,4,5,6,7,8,9,10,11,12,13,14,15,16,17,18,19,20,21,22,23,24,25,26,27,28,29,30,31
8
16

Maria
Omaniecka
Chirurg
7,8,9,10,11,12
1,2,3,4,5,6,7,8,9,10,11,12,13,14,15,16,17,18,19,20,21,22,23,24,25,26,27,28,29,30,31
8
16

Teresa
Grabska
Endokrynolog 
7,8,9,10,11,12
1,2,3,4,5,6,7,8,9,10,11,12,13,14,15,16,17,18,19,20,28,29,30,31
8
16

Ryszard
Gordon
Chirurg
1,3,5,7,9,11
1,2,3,4,5,6,7,8,9,10,11,12,13,14,15,16,17,18,19,20,29,30,31
8
16

Kazimierz
Frankowski
Dermatolog
1,3,5,7,9,11
1,2,3,4,5,6,7,8,9,10,11,12,13,14,15,16,17,26,27,28,29,30,31
8
16

Marek
Brzozowski
Urolog
1,3,5,7,9,11
1,2,3,4,5,6,7,8,9,10,11,12,13,14,15,16,17,18,19,20,21,27,28,29,30,31
8
16

Henryk
Grodzicki
Internista
1,3,5,7,9,11
1,2,3,4,5,6,7,8,9,10,11,12,13,14,15,16,17,26,27,28,29,30,31
8
16

Jacek
Bura
Okulista
1,3,5,7,9,11
1,2,3,4,5,6,7,8,9,10,11,12,13,14,15,16,17,18,19,20,21,22,30,31
8
16

Tomasz
Grabski
Chirurg
2,4,6,8,10,12
1,2,3,4,5,6,7,8,9,10,11,12,13,14,15,16,17,18,23,24,25,26,27,28,29,30,31
8
16

Edward
Janiszewski
Endokrynolog
1,2,8,9,10,11,12
1,2,3,4,5,6,7,8,9,10,11,12,13,14,15,16,17,18,19,20,21,22,23,
8
16

Adam
Bielicki
Okulista
2,4,6,8,10,12
1,2,3,4,5,6,7,8,9,10,11,12,13,14,15,16,17,18,19,20,25,26,27,28,29,30,31
8
16

Jakub
Bura
Endokrynolog
6,7,8,9,10,11,12
1,2,3,4,5,6,7,8,9,10,11,12,13,14,15,20,21,22,23,24,25,26,27,28,29,30,31
8
16

Jan
Oryl
Dermatolog
2,4,6,8,10,12
1,2,3,4,5,6,7,13,14,15,16,17,18,19,20,21,22,23,24,25,26,27,28,29,30,31
8
16

Janusz
Janowski
Urolog
1,2,3,4,5,12
1,2,3,4,5,6,7,8,9,10,11,12,13,14,15,23,24,25,26,27,28,29,30,31
8
16

Urszula
Chlebek
Internista
2,4,6,8,10,12
1,2,3,4,5,6,7,8,9,10,11,12,13,16,17,18,19,20,21,22,23,24,25,26,27,28,
8
16

Agnieszka
Krawczyk
Urolog
1,2,3,4,5,6,7,8,9,10,11
1,2,3,4,5,6,7,8,11,12,13,14,15,16,17,18,19,20,21,22,23,24,25,26,27,28,
8
16

Maksymilian
Wysocki
Urolog
1,2,6,7,8,9,10,11,12
1,2,3,4,5,6,7,8,9,10,11,12,13,14,15,16,17,18,19,20,21,22,23
8
16

Jan
Potocki
Stomatolog
2,4,6,8,10,12
1,2,3,4,5,6,7,8,9,10,11,12,13,14,24,25,26,27,28,29,30,31
8
16

Krzysztof
Grzegorzewski
Ginekolog
1,3,5,7,9,11
1,2,3,4,5,6,7,8,9,10,11,12,13,14,15,16,23,24,25,26,27,28,29,30,31
8
16

Maksymilian
Komorowski
Ginekolog
2,4,6,8,10,12
1,2,3,4,5,6,7,8,9,10,11,12,13,22,23,24,25,26,27,28,29,30,31
8
16

Maciek
Komorowski
Stomatolog
2,4,6,8,10,12
1,2,3,4,5,6,7,8,9,10,11,12,13,22,23,24,25,26,27,28,29,30,31
8
16
10.2.2020-8:45  ;  11.2.2020-9:15  ;  1.2.2020-11:30  ;  
Andrzej
Baran
Internista
1,2,3,4,5,6
1,2,6,7,8,9,10,11,12,13,14,15,16,17,18,19,20,21,22,23,28,29,30,31
8
16

Tadeusz
Duda
Ortopeda
1,2,3,4,5,6
1,2,3,4,5,6,7,8,9,10,11,12,13,14,15,16,17,18,19,20,21,28,29,30,31
8
16
20.5.2020-8:00  ;  
Jerzy
Bielak
Okulista
1,2,3,4,5,6
1,2,3,4,5,6,7,8,9,10,11,16,17,18,19,20,21,22,23,24,25,26,27,28,29,30,31
8
16

Zbigniew
Danielak
Ginekolog
1,2,3,4,5,6
1,2,3,4,5,6,7,8,9,10,11,12,13,14,15,16,17,18,19,20,21,22,23
8
16

Krzysztof
Poniedzielski
Okulista
7,8,9,10,11,12
1,2,3,4,5,6,7,8,9,10,11,12,18,19,20,21,22,23,24,25,26,27,28,29,30,31
8
16
5.2.2020-14:30  ;  
Henryk
Gancarczyk
Dermatolog
1,2,3,4,5,6
3,4,5,6,7,8,9,10,11,12,13,14,15,16,17,18,19,20,21,22,23,24,25,28,29,30,31
8
16

Ryszard
Bielicki
Pediatra
1,2,3,4,5,6
1,2,3,4,16,17,18,19,20,21,22,23,24,25,26,27,28,29,30,31
8
16
28.1.2020-8,30  ;  28.1.2020-9,30  ;  28.1.2020-15,15  ;  
Kazimierz
Potocki
Internista
7,8,9,10,11,12
1,2,3,4,5,6,7,8,9,10,11,12,13,14,15,16,17,18,19,20,21,27,28,29,30,31
8
16

Marek
Grzywak
Pediatra
7,8,9,10,11,12
1,2,3,4,5,6,7,8,9,10,11,12,13,16,17,18,19,20,21,22,23,24,25
8
16

Henryk
Gryga
Ortopeda
7,8,9,10,11,12
1,2,3,4,5,6,7,8,9,16,17,18,19,20,21,22,23,24,25,26,27,28,29,30,31
8
16

Ryszard
Gancarczyk
Stomatolog
7,8,9,10,11,12
1,2,3,4,5,6,7,8,9,10,11,12,13,14,15,16,17,18,19,20,21,22,23,24,25,26
8
16

Maria
Cielecka
Chirurg
1,2,3,4,5,6
1,2,3,4,5,6,7,8,9,10,11,12,13,14,15,16,17,22,23,24,25,26,27,28,29,30,31
8
16

Krystyna
Bielecka
Endokrynolog
1,2,3,4,5,6
1,2,3,4,5,6,7,8,9,10,11,12,13,14,15,16,17,18,19,20,21,22,23,24
8
16

Teresa
Cielecka
Dermatolog
7,8,9,10,11,12
1,2,3,4,5,6,7,8,9,10,11,12,13,14,23,24,25,26,27,28,29,30,31
8
16

Janina
Gryga
Ortopeda
1,3,5,7,9,11
1,2,3,4,5,6,7,8,9,10,11,12,13,14,15,16,17,28,29,30,31
8
16
4.3.2020-8:30  ;  
Danuta
Danielak
Ortopeda
1,3,5,7,9,11
1,2,3,4,5,6,7,8,9,10,11,12,13,20,21,22,23,24,25,26,27,28,29,30,31
8
16

Helena
Chlebek
Pediatra
1,3,5,7,9,11
1,2,3,4,5,6,7,8,9,10,11,12,13,14,15,16,25,26,27,28,29,30,31
8
16
28.1.2020-15,00  ;  28.1.2020-14,00  ;  
Marek
Frankowski
Pediatra
2,4,6,8,10,12
1,2,3,4,5,6,7,8,9,10,11,12,13,14,15,16,17,18,19,24,25,26,27,28,29,30,31
8
16
28.1.2020-8,00  ;  
Henryk
Brzozowski
Ortopeda
2,4,6,8,10,12
1,2,3,4,5,6,7,8,9,10,11,12,13,14,15,16,17,18,19,20,21,22,23,24,25,26,27,28,29,30,31
8
16

Ryszard
Grzywak
Ginekolog
7,8,9,10,11,12
1,2,3,4,5,6,7,8,9,10,11,12,13,14,15,16,17,18,19,20,21,22,23,24,25,26,27,28,29,30,31
8
16

Maria
Omaniecka
Chirurg
7,8,9,10,11,12
1,2,3,4,5,6,7,8,9,10,11,12,13,14,15,16,17,18,19,20,21,22,23,24,25,26,27,28,29,30,31
8
16

Teresa
Grabska
Ortopeda
7,8,9,10,11,12
1,2,3,4,5,6,7,8,9,10,11,12,13,14,15,16,17,18,19,20,28,29,30,31
8
16

Ryszard
Gordon
Chirurg
1,3,5,7,9,11
1,2,3,4,5,6,7,8,9,10,11,12,13,14,15,16,17,18,19,20,29,30,31
8
16

Marek
Poniedzielski
Dermatolog
1,3,5,7,9,11
1,2,3,4,5,6,7,8,9,10,11,12,13,14,15,16,17,26,27,28,29,30,31
8
16

Stefan
Brzozowski
Chirurg
1,3,5,7,9,11
1,2,3,4,5,6,7,8,9,10,11,12,13,14,15,16,17,18,19,20,21,27,28,29,30,31
8
16

Harold
Grodzicki
Internista
1,3,5,7,9,11
1,2,3,4,5,6,7,8,9,10,11,12,13,14,15,16,17,26,27,28,29,30,31
8
16

Jacek
Maczek
Chirurg
1,3,5,7,9,11
1,2,3,4,5,6,7,8,9,10,11,12,13,14,15,16,17,18,19,20,21,22,30,31
8
16

Tomek
Galaretka
Chirurg
2,4,6,8,10,12
1,2,3,4,5,6,7,8,9,10,11,12,13,14,15,16,17,18,23,24,25,26,27,28,29,30,31
8
16
7.1.2020-8:30  ;  7.1.2020-8:45  ;  
Janusz
Stępniowski
Internista
1,2,8,9,10,11,12
1,2,3,4,5,6,7,8,9,10,11,12,13,14,15,16,17,18,19,20,21,22,23,
8
16

Adam
Borowski
Internista
2,4,6,8,10,12
1,2,3,4,5,6,7,8,9,10,11,12,13,14,15,16,17,18,19,20,25,26,27,28,29,30,31
8
16

Maciek
Bura
Endokrynolog
6,7,8,9,10,11,12
1,2,3,4,5,6,7,8,9,10,11,12,13,14,15,20,21,22,23,24,25,26,27,28,29,30,31
8
16

Jacek
Goryl
Dermatolog
2,4,6,8,10,12
1,2,3,4,5,6,7,13,14,15,16,17,18,19,20,21,22,23,24,25,26,27,28,29,30,31
8
16

Urszula
Janowska
Urolog
1,2,3,4,5,12
1,2,3,4,5,6,7,8,9,10,11,12,13,14,15,23,24,25,26,27,28,29,30,31
8
16

Marlena
Strzykawska
Dermatolog
2,4,6,8,10,12
1,2,3,4,5,6,7,8,9,10,11,12,13,16,17,18,19,20,21,22,23,24,25,26,27,28,
8
16

Agata
Tucholska
Dermatolog
1,2,3,4,5,6,7,8,9,10,11
1,2,3,4,5,6,7,8,11,12,13,14,15,16,17,18,19,20,21,22,23,24,25,26,27,28,
8
16

Baczek
Trocki
Urolog
1,2,6,7,8,9,10,11,12
1,2,3,4,5,6,7,8,9,10,11,12,13,14,15,16,17,18,19,20,21,22,23
8
16

Jan
Edytowski
Stomatolog
2,4,6,8,10,12
1,2,3,4,5,6,7,8,9,10,11,12,13,14,24,25,26,27,28,29,30,31
8
16

Mariusz
Urszulski
Dermatolog
1,3,5,7,9,11
1,2,3,4,5,6,7,8,9,10,11,12,13,14,15,16,23,24,25,26,27,28,29,30,31
8
16

Adrian
Potocki
Stomatolog
2,4,6,8,10,12
1,2,3,4,5,6,7,8,9,10,11,12,13,22,23,24,25,26,27,28,29,30,31
8
16

